this is to downsample using my code, and impute using my code
(base) [yanyan@ip-172-31-55-139 GLIMPSE2_CONCORDANCE_output]$ zcat 24300FL050101S339L008chr1.depth_1x.rsquare.grp.txt.gz
0 1663 0.000657569 0.353143 0.400329
1 9114 0.00503244 0.596279 0.65871
2 6315 0.0150055 0.746154 0.799561
3 13774 0.0341938 0.873229 0.899507
4 20423 0.0757428 0.905597 0.926964
5 47165 0.150932 0.929747 0.944277
6 50332 0.250324 0.924036 0.940926
7 52132 0.349441 0.927361 0.945245
8 51919 0.449803 0.927605 0.943338

this is to downsample using nf code, and then impute using my code
(base) [yanyan@ip-172-31-55-139 GLIMPSE2_CONCORDANCE_output]$ zcat 24300FL-05-01-01_S339_L008.chr1.1x.rsquare.grp.txt.gz
0 1663 0.000657569 0.353143 0.400329
1 9114 0.00503244 0.596279 0.65871
2 6315 0.0150055 0.746154 0.799561
3 13774 0.0341938 0.873229 0.899507
4 20423 0.0757428 0.905597 0.926964
5 47165 0.150932 0.929747 0.944277
6 50332 0.250324 0.924036 0.940926
7 52132 0.349441 0.927361 0.945245
8 51919 0.449803 0.927605 0.943338

this is downsample using nf code, and impute using nf-code
24300FL050101S339L008chr1depth1x.vcf.gz,0,11848,0.00399173,0.385216,0.432148
24300FL050101S339L008chr1depth1x.vcf.gz,1,6315,0.0150055,0.722482,0.781816
24300FL050101S339L008chr1depth1x.vcf.gz,2,13774,0.0341938,0.855522,0.889623
24300FL050101S339L008chr1depth1x.vcf.gz,3,20423,0.0757428,0.895315,0.919604
24300FL050101S339L008chr1depth1x.vcf.gz,4,47165,0.150932,0.914416,0.934625
24300FL050101S339L008chr1depth1x.vcf.gz,5,50332,0.250324,0.915371,0.932372
24300FL050101S339L008chr1depth1x.vcf.gz,6,52132,0.349441,0.922239,0.938969
24300FL050101S339L008chr1depth1x.vcf.gz,7,51919,0.449803,0.919393,0.936357




this is to downsample using nf code, and then impute using my code
(base) [yanyan@ip-172-31-55-139 GLIMPSE2_CONCORDANCE_output]$ zcat 24300FL-05-01-01S339L008chr22.depth_0.5x.rsquare.grp.txt.gz
0 246 0.000649959 0.131023 0.173835
1 1131 0.00480647 0.351293 0.409838
2 674 0.015201 0.420238 0.524157
3 1442 0.035206 0.545585 0.634655
4 3236 0.0760605 0.6861 0.761459
5 7252 0.151759 0.707288 0.766405
6 8722 0.253411 0.688021 0.74774
7 8956 0.349657 0.727887 0.776875
8 8703 0.449546 0.721625 0.768251

(base) [yanyan@ip-172-31-55-139 GLIMPSE2_CONCORDANCE_output]$ zcat 24300FL-05-01-01_S339_L008.chr22.0.5x.rsquare.grp.txt.gz
0 246 0.000649959 0.131023 0.173835
1 1131 0.00480647 0.351293 0.409838
2 674 0.015201 0.420238 0.524157
3 1442 0.035206 0.545585 0.634655
4 3236 0.0760605 0.6861 0.761459
5 7252 0.151759 0.707288 0.766405
6 8722 0.253411 0.688021 0.74774
7 8956 0.349657 0.727887 0.776875
8 8703 0.449546 0.721625 0.768251

this is downsample using nf code, and impute using nf-code
24300FL050101S339L008chr22depth05x.vcf.gz,0,439,0.000502936,0.0320597,0.0448986
24300FL050101S339L008chr22depth05x.vcf.gz,1,1145,0.00481876,0.341519,0.417594
24300FL050101S339L008chr22depth05x.vcf.gz,2,687,0.0151872,0.443114,0.558158
24300FL050101S339L008chr22depth05x.vcf.gz,3,1470,0.0351926,0.600005,0.688505
24300FL050101S339L008chr22depth05x.vcf.gz,4,3311,0.0760997,0.678697,0.751409
24300FL050101S339L008chr22depth05x.vcf.gz,5,7400,0.151719,0.697439,0.755254
24300FL050101S339L008chr22depth05x.vcf.gz,6,8882,0.253378,0.661675,0.722772
24300FL050101S339L008chr22depth05x.vcf.gz,7,9111,0.349667,0.706074,0.765218
24300FL050101S339L008chr22depth05x.vcf.gz,8,8887,0.449476,0.702125,0.756195
